  0.0000000E+00  0.0000000E+00
  0.7500000E+01  0.0000000E+00
  0.1500000E+02  0.0000000E+00
  0.2250000E+02  0.0000000E+00
  0.3000000E+02  0.0000000E+00
  0.3750000E+02  0.0000000E+00
  0.4500000E+02  0.0000000E+00
  0.5250000E+02  0.0000000E+00
  0.6000000E+02  0.0000000E+00
  0.6750000E+02  0.0000000E+00
  0.7500000E+02  0.0000000E+00
  0.8250000E+02  0.0000000E+00
  0.9000000E+02  0.0000000E+00
  0.9750000E+02  0.0000000E+00
  0.1050000E+03  0.0000000E+00
  0.1125000E+03  0.0000000E+00
  0.1200000E+03  0.0000000E+00
  0.1275000E+03  0.0000000E+00
  0.1350000E+03  0.0000000E+00
  0.1425000E+03  0.0000000E+00
  0.1500000E+03  0.0000000E+00
  0.1575000E+03  0.0000000E+00
  0.1650000E+03  0.0000000E+00
  0.1725000E+03  0.0000000E+00
  0.1800000E+03  0.0000000E+00
  0.1875000E+03  0.0000000E+00
  0.1950000E+03  0.0000000E+00
  0.2025000E+03  0.0000000E+00
  0.2100000E+03  0.0000000E+00
  0.2175000E+03  0.0000000E+00
  0.2250000E+03  0.0000000E+00
  0.2325000E+03  0.0000000E+00
  0.2400000E+03  0.0000000E+00
  0.2475000E+03  0.0000000E+00
  0.2550000E+03  0.0000000E+00
  0.2625000E+03  0.0000000E+00
  0.2700000E+03  0.0000000E+00
  0.2775000E+03  0.0000000E+00
  0.2850000E+03  0.0000000E+00
  0.2925000E+03  0.0000000E+00
  0.3000000E+03  0.0000000E+00
  0.3075000E+03  0.0000000E+00
  0.3150000E+03  0.0000000E+00
  0.3225000E+03  0.0000000E+00
  0.3300000E+03  0.0000000E+00
  0.3375000E+03  0.0000000E+00
  0.3450000E+03  0.0000000E+00
  0.3525000E+03  0.0000000E+00
  0.3600000E+03  0.0000000E+00
  0.3675000E+03  0.0000000E+00
  0.3750000E+03  0.0000000E+00
  0.3825000E+03  0.0000000E+00
  0.3900000E+03  0.0000000E+00
  0.3975000E+03  0.0000000E+00
  0.4050000E+03  0.0000000E+00
  0.4125000E+03  0.0000000E+00
  0.4200000E+03  0.0000000E+00
  0.4275000E+03  0.0000000E+00
  0.4350000E+03  0.0000000E+00
  0.4425000E+03  0.0000000E+00
  0.4500000E+03  0.0000000E+00
  0.4575000E+03  0.0000000E+00
  0.4650000E+03  0.0000000E+00
  0.4725000E+03  0.0000000E+00
  0.4800000E+03  0.0000000E+00
  0.4875000E+03  0.0000000E+00
  0.4950000E+03  0.0000000E+00
  0.5025000E+03  0.0000000E+00
  0.5100000E+03  0.0000000E+00
  0.5175000E+03  0.0000000E+00
  0.5250000E+03  0.0000000E+00
  0.5325000E+03  0.0000000E+00
  0.5400000E+03  0.0000000E+00
  0.5475000E+03  0.0000000E+00
  0.5550000E+03  0.0000000E+00
  0.5625000E+03  0.0000000E+00
  0.5700000E+03  0.0000000E+00
  0.5775000E+03  0.0000000E+00
  0.5850000E+03  0.0000000E+00
  0.5925000E+03  0.0000000E+00
  0.6000000E+03  0.0000000E+00
  0.6075000E+03  0.0000000E+00
  0.6150000E+03  0.0000000E+00
  0.6225000E+03  0.0000000E+00
  0.6300000E+03  0.0000000E+00
  0.6375000E+03  0.0000000E+00
  0.6450000E+03  0.0000000E+00
  0.6525000E+03  0.0000000E+00
  0.6600000E+03  0.0000000E+00
  0.6675000E+03  0.0000000E+00
  0.6750000E+03  0.0000000E+00
  0.6825000E+03  0.0000000E+00
  0.6900000E+03  0.0000000E+00
  0.6975000E+03  0.0000000E+00
  0.7050000E+03  0.0000000E+00
  0.7125000E+03  0.0000000E+00
  0.7200000E+03  0.0000000E+00
  0.7275000E+03  0.0000000E+00
  0.7350000E+03  0.0000000E+00
  0.7425000E+03  0.0000000E+00
  0.7500000E+03  0.0000000E+00
  0.7575000E+03  0.0000000E+00
  0.7650000E+03  0.0000000E+00
  0.7725000E+03  0.0000000E+00
  0.7800000E+03  0.0000000E+00
  0.7875000E+03  0.0000000E+00
  0.7950000E+03  0.0000000E+00
  0.8025000E+03  0.0000000E+00
  0.8100000E+03  0.0000000E+00
  0.8175000E+03  0.0000000E+00
  0.8250000E+03  0.0000000E+00
  0.8325000E+03  0.0000000E+00
  0.8400000E+03  0.0000000E+00
  0.8475000E+03  0.0000000E+00
  0.8550000E+03  0.0000000E+00
  0.8625000E+03  0.0000000E+00
  0.8700000E+03  0.0000000E+00
  0.8775000E+03  0.0000000E+00
  0.8850000E+03  0.0000000E+00
  0.8925000E+03  0.0000000E+00
  0.9000000E+03  0.0000000E+00
  0.9075000E+03  0.0000000E+00
  0.9150000E+03  0.0000000E+00
  0.9225000E+03  0.0000000E+00
  0.9300000E+03  0.0000000E+00
  0.9375000E+03  0.0000000E+00
  0.9450000E+03  0.0000000E+00
  0.9525000E+03  0.0000000E+00
  0.9600000E+03  0.0000000E+00
  0.9675000E+03  0.0000000E+00
  0.9750000E+03  0.0000000E+00
  0.9825000E+03  0.0000000E+00
  0.9900000E+03  0.0000000E+00
  0.9975000E+03  0.0000000E+00
  0.1005000E+04  0.0000000E+00
  0.1012500E+04  0.0000000E+00
  0.1020000E+04  0.0000000E+00
  0.1027500E+04  0.0000000E+00
  0.1035000E+04  0.0000000E+00
  0.1042500E+04  0.0000000E+00
  0.1050000E+04  0.0000000E+00
  0.1057500E+04  0.0000000E+00
  0.1065000E+04  0.0000000E+00
  0.1072500E+04  0.0000000E+00
  0.1080000E+04  0.0000000E+00
  0.1087500E+04  0.0000000E+00
  0.1095000E+04  0.0000000E+00
  0.1102500E+04  0.0000000E+00
  0.1110000E+04  0.0000000E+00
  0.1117500E+04  0.0000000E+00
  0.1125000E+04  0.0000000E+00
  0.1132500E+04  0.0000000E+00
  0.1140000E+04  0.0000000E+00
  0.1147500E+04  0.0000000E+00
  0.1155000E+04  0.0000000E+00
  0.1162500E+04  0.0000000E+00
  0.1170000E+04  0.0000000E+00
  0.1177500E+04  0.0000000E+00
  0.1185000E+04  0.0000000E+00
  0.1192500E+04  0.0000000E+00
  0.1200000E+04  0.0000000E+00
  0.1207500E+04  0.0000000E+00
  0.1215000E+04  0.0000000E+00
  0.1222500E+04  0.0000000E+00
  0.1230000E+04  0.0000000E+00
  0.1237500E+04  0.0000000E+00
  0.1245000E+04  0.0000000E+00
  0.1252500E+04  0.0000000E+00
  0.1260000E+04  0.0000000E+00
  0.1267500E+04  0.0000000E+00
  0.1275000E+04  0.0000000E+00
  0.1282500E+04  0.0000000E+00
  0.1290000E+04  0.0000000E+00
  0.1297500E+04  0.0000000E+00
  0.1305000E+04  0.0000000E+00
  0.1312500E+04  0.0000000E+00
  0.1320000E+04  0.0000000E+00
  0.1327500E+04  0.0000000E+00
  0.1335000E+04  0.0000000E+00
  0.1342500E+04  0.0000000E+00
  0.1350000E+04  0.0000000E+00
  0.1357500E+04  0.0000000E+00
  0.1365000E+04  0.0000000E+00
  0.1372500E+04  0.0000000E+00
  0.1380000E+04  0.0000000E+00
  0.1387500E+04  0.0000000E+00
  0.1395000E+04  0.0000000E+00
  0.1402500E+04  0.0000000E+00
  0.1410000E+04  0.0000000E+00
  0.1417500E+04  0.0000000E+00
  0.1425000E+04  0.0000000E+00
  0.1432500E+04  0.0000000E+00
  0.1440000E+04  0.0000000E+00
  0.1447500E+04  0.0000000E+00
  0.1455000E+04  0.0000000E+00
  0.1462500E+04  0.0000000E+00
  0.1470000E+04  0.0000000E+00
  0.1477500E+04  0.0000000E+00
  0.1485000E+04  0.0000000E+00
  0.1492500E+04  0.0000000E+00
  0.1500000E+04  0.0000000E+00
  0.1507500E+04  0.0000000E+00
  0.1515000E+04  0.0000000E+00
  0.1522500E+04  0.0000000E+00
  0.1530000E+04  0.0000000E+00
  0.1537500E+04  0.0000000E+00
  0.1545000E+04  0.0000000E+00
  0.1552500E+04  0.0000000E+00
  0.1560000E+04  0.0000000E+00
  0.1567500E+04  0.0000000E+00
  0.1575000E+04  0.0000000E+00
  0.1582500E+04  0.0000000E+00
  0.1590000E+04  0.0000000E+00
  0.1597500E+04  0.0000000E+00
  0.1605000E+04  0.0000000E+00
  0.1612500E+04  0.0000000E+00
  0.1620000E+04  0.0000000E+00
  0.1627500E+04  0.0000000E+00
  0.1635000E+04  0.0000000E+00
  0.1642500E+04  0.0000000E+00
  0.1650000E+04  0.0000000E+00
  0.1657500E+04  0.0000000E+00
  0.1665000E+04  0.0000000E+00
  0.1672500E+04  0.0000000E+00
  0.1680000E+04  0.0000000E+00
  0.1687500E+04  0.0000000E+00
  0.1695000E+04  0.0000000E+00
  0.1702500E+04  0.0000000E+00
  0.1710000E+04  0.0000000E+00
  0.1717500E+04  0.0000000E+00
  0.1725000E+04  0.0000000E+00
  0.1732500E+04  0.0000000E+00
  0.1740000E+04  0.0000000E+00
  0.1747500E+04  0.0000000E+00
  0.1755000E+04  0.0000000E+00
  0.1762500E+04  0.0000000E+00
  0.1770000E+04  0.0000000E+00
  0.1777500E+04  0.0000000E+00
  0.1785000E+04  0.0000000E+00
  0.1792500E+04  0.0000000E+00
  0.1800000E+04  0.0000000E+00
  0.1807500E+04  0.0000000E+00
  0.1815000E+04  0.0000000E+00
  0.1822500E+04  0.0000000E+00
  0.1830000E+04  0.0000000E+00
  0.1837500E+04  0.0000000E+00
  0.1845000E+04  0.0000000E+00
  0.1852500E+04  0.0000000E+00
  0.1860000E+04  0.0000000E+00
  0.1867500E+04  0.0000000E+00
  0.1875000E+04  0.0000000E+00
  0.1882500E+04  0.0000000E+00
  0.1890000E+04  0.0000000E+00
  0.1897500E+04  0.0000000E+00
  0.1905000E+04  0.0000000E+00
  0.1912500E+04  0.0000000E+00
  0.1920000E+04  0.0000000E+00
  0.1927500E+04  0.0000000E+00
  0.1935000E+04  0.0000000E+00
  0.1942500E+04  0.0000000E+00
  0.1950000E+04  0.0000000E+00
  0.1957500E+04  0.0000000E+00
  0.1965000E+04  0.0000000E+00
  0.1972500E+04  0.0000000E+00
  0.1980000E+04  0.0000000E+00
  0.1987500E+04  0.0000000E+00
  0.1995000E+04  0.0000000E+00
  0.2002500E+04  0.0000000E+00
  0.2010000E+04  0.0000000E+00
  0.2017500E+04  0.0000000E+00
  0.2025000E+04  0.0000000E+00
  0.2032500E+04  0.0000000E+00
  0.2040000E+04  0.0000000E+00
  0.2047500E+04  0.0000000E+00
  0.2055000E+04  0.0000000E+00
  0.2062500E+04  0.0000000E+00
  0.2070000E+04  0.0000000E+00
  0.2077500E+04  0.0000000E+00
  0.2085000E+04  0.0000000E+00
  0.2092500E+04  0.0000000E+00
  0.2100000E+04  0.0000000E+00
  0.2107500E+04  0.0000000E+00
  0.2115000E+04  0.0000000E+00
  0.2122500E+04  0.0000000E+00
  0.2130000E+04  0.0000000E+00
  0.2137500E+04  0.0000000E+00
  0.2145000E+04  0.0000000E+00
  0.2152500E+04  0.0000000E+00
  0.2160000E+04  0.0000000E+00
  0.2167500E+04  0.0000000E+00
  0.2175000E+04  0.0000000E+00
  0.2182500E+04  0.0000000E+00
  0.2190000E+04  0.0000000E+00
  0.2197500E+04  0.0000000E+00
  0.2205000E+04  0.0000000E+00
  0.2212500E+04  0.0000000E+00
  0.2220000E+04  0.0000000E+00
  0.2227500E+04  0.0000000E+00
  0.2235000E+04  0.0000000E+00
  0.2242500E+04  0.0000000E+00
  0.2250000E+04  0.0000000E+00
  0.2257500E+04  0.0000000E+00
  0.2265000E+04  0.0000000E+00
  0.2272500E+04  0.0000000E+00
  0.2280000E+04  0.0000000E+00
  0.2287500E+04  0.0000000E+00
  0.2295000E+04  0.0000000E+00
  0.2302500E+04  0.0000000E+00
  0.2310000E+04  0.0000000E+00
  0.2317500E+04  0.0000000E+00
  0.2325000E+04  0.0000000E+00
  0.2332500E+04  0.0000000E+00
  0.2340000E+04  0.0000000E+00
  0.2347500E+04  0.0000000E+00
  0.2355000E+04  0.0000000E+00
  0.2362500E+04  0.0000000E+00
  0.2370000E+04  0.0000000E+00
  0.2377500E+04  0.0000000E+00
  0.2385000E+04  0.0000000E+00
  0.2392500E+04  0.0000000E+00
  0.2400000E+04  0.0000000E+00
  0.2407500E+04  0.0000000E+00
  0.2415000E+04  0.0000000E+00
  0.2422500E+04  0.0000000E+00
  0.2430000E+04  0.0000000E+00
  0.2437500E+04  0.0000000E+00
  0.2445000E+04  0.0000000E+00
  0.2452500E+04  0.0000000E+00
  0.2460000E+04  0.0000000E+00
  0.2467500E+04  0.0000000E+00
  0.2475000E+04  0.0000000E+00
  0.2482500E+04  0.0000000E+00
  0.2490000E+04  0.0000000E+00
  0.2497500E+04  0.0000000E+00
  0.2505000E+04  0.0000000E+00
  0.2512500E+04  0.0000000E+00
  0.2520000E+04  0.0000000E+00
  0.2527500E+04  0.0000000E+00
  0.2535000E+04  0.0000000E+00
  0.2542500E+04  0.0000000E+00
  0.2550000E+04  0.0000000E+00
  0.2557500E+04  0.0000000E+00
  0.2565000E+04  0.0000000E+00
  0.2572500E+04  0.0000000E+00
  0.2580000E+04  0.0000000E+00
  0.2587500E+04  0.0000000E+00
  0.2595000E+04  0.0000000E+00
  0.2602500E+04  0.0000000E+00
  0.2610000E+04  0.0000000E+00
  0.2617500E+04  0.0000000E+00
  0.2625000E+04  0.0000000E+00
  0.2632500E+04  0.0000000E+00
  0.2640000E+04  0.0000000E+00
  0.2647500E+04  0.0000000E+00
  0.2655000E+04  0.0000000E+00
  0.2662500E+04  0.0000000E+00
  0.2670000E+04  0.0000000E+00
  0.2677500E+04  0.0000000E+00
  0.2685000E+04  0.0000000E+00
  0.2692500E+04  0.0000000E+00
  0.2700000E+04  0.0000000E+00
  0.2707500E+04  0.0000000E+00
  0.2715000E+04  0.0000000E+00
  0.2722500E+04  0.0000000E+00
  0.2730000E+04  0.0000000E+00
  0.2737500E+04  0.0000000E+00
  0.2745000E+04  0.0000000E+00
  0.2752500E+04  0.0000000E+00
  0.2760000E+04  0.0000000E+00
  0.2767500E+04  0.0000000E+00
  0.2775000E+04  0.0000000E+00
  0.2782500E+04  0.0000000E+00
  0.2790000E+04  0.0000000E+00
  0.2797500E+04  0.0000000E+00
  0.2805000E+04  0.0000000E+00
  0.2812500E+04  0.0000000E+00
  0.2820000E+04  0.0000000E+00
  0.2827500E+04  0.0000000E+00
  0.2835000E+04  0.0000000E+00
  0.2842500E+04  0.0000000E+00
  0.2850000E+04  0.0000000E+00
  0.2857500E+04  0.0000000E+00
  0.2865000E+04  0.0000000E+00
  0.2872500E+04  0.0000000E+00
  0.2880000E+04  0.0000000E+00
  0.2887500E+04  0.0000000E+00
  0.2895000E+04  0.0000000E+00
  0.2902500E+04  0.0000000E+00
  0.2910000E+04  0.0000000E+00
  0.2917500E+04  0.0000000E+00
  0.2925000E+04  0.0000000E+00
  0.2932500E+04  0.0000000E+00
  0.2940000E+04  0.0000000E+00
  0.2947500E+04  0.0000000E+00
  0.2955000E+04  0.0000000E+00
  0.2962500E+04  0.0000000E+00
  0.2970000E+04  0.0000000E+00
  0.2977500E+04  0.0000000E+00
  0.2985000E+04  0.0000000E+00
  0.2992500E+04  0.0000000E+00
  0.3000000E+04  0.0000000E+00
  0.3007500E+04  0.0000000E+00
  0.3015000E+04  0.0000000E+00
  0.3022500E+04  0.0000000E+00
  0.3030000E+04  0.0000000E+00
  0.3037500E+04  0.0000000E+00
  0.3045000E+04  0.0000000E+00
  0.3052500E+04  0.0000000E+00
  0.3060000E+04  0.0000000E+00
  0.3067500E+04  0.0000000E+00
  0.3075000E+04  0.0000000E+00
  0.3082500E+04  0.0000000E+00
  0.3090000E+04  0.0000000E+00
  0.3097500E+04  0.0000000E+00
  0.3105000E+04  0.0000000E+00
  0.3112500E+04  0.0000000E+00
  0.3120000E+04  0.0000000E+00
  0.3127500E+04  0.0000000E+00
  0.3135000E+04  0.0000000E+00
  0.3142500E+04  0.0000000E+00
  0.3150000E+04  0.0000000E+00
  0.3157500E+04  0.0000000E+00
  0.3165000E+04  0.0000000E+00
  0.3172500E+04  0.0000000E+00
  0.3180000E+04  0.0000000E+00
  0.3187500E+04  0.0000000E+00
  0.3195000E+04  0.0000000E+00
  0.3202500E+04  0.0000000E+00
  0.3210000E+04  0.0000000E+00
  0.3217500E+04  0.0000000E+00
  0.3225000E+04  0.0000000E+00
  0.3232500E+04  0.0000000E+00
  0.3240000E+04  0.0000000E+00
  0.3247500E+04  0.0000000E+00
  0.3255000E+04  0.0000000E+00
  0.3262500E+04  0.0000000E+00
  0.3270000E+04  0.0000000E+00
  0.3277500E+04  0.0000000E+00
  0.3285000E+04  0.0000000E+00
  0.3292500E+04  0.0000000E+00
  0.3300000E+04  0.0000000E+00
  0.3307500E+04  0.0000000E+00
  0.3315000E+04  0.0000000E+00
  0.3322500E+04  0.0000000E+00
  0.3330000E+04  0.0000000E+00
  0.3337500E+04  0.0000000E+00
  0.3345000E+04  0.0000000E+00
  0.3352500E+04  0.0000000E+00
  0.3360000E+04  0.0000000E+00
  0.3367500E+04  0.0000000E+00
  0.3375000E+04  0.0000000E+00
  0.3382500E+04  0.0000000E+00
  0.3390000E+04  0.0000000E+00
  0.3397500E+04  0.0000000E+00
  0.3405000E+04  0.0000000E+00
  0.3412500E+04  0.0000000E+00
  0.3420000E+04  0.0000000E+00
  0.3427500E+04  0.0000000E+00
  0.3435000E+04  0.0000000E+00
  0.3442500E+04  0.0000000E+00
  0.3450000E+04  0.0000000E+00
  0.3457500E+04  0.0000000E+00
  0.3465000E+04  0.0000000E+00
  0.3472500E+04  0.0000000E+00
  0.3480000E+04  0.0000000E+00
  0.3487500E+04  0.0000000E+00
  0.3495000E+04  0.0000000E+00
  0.3502500E+04  0.0000000E+00
  0.3510000E+04  0.0000000E+00
  0.3517500E+04  0.0000000E+00
  0.3525000E+04  0.0000000E+00
  0.3532500E+04  0.0000000E+00
  0.3540000E+04  0.0000000E+00
  0.3547500E+04  0.0000000E+00
  0.3555000E+04  0.0000000E+00
  0.3562500E+04  0.0000000E+00
  0.3570000E+04  0.0000000E+00
  0.3577500E+04  0.0000000E+00
  0.3585000E+04  0.0000000E+00
  0.3592500E+04  0.0000000E+00
  0.3600000E+04  0.0000000E+00
  0.3607500E+04  0.0000000E+00
  0.3615000E+04  0.0000000E+00
  0.3622500E+04  0.0000000E+00
  0.3630000E+04  0.0000000E+00
  0.3637500E+04  0.0000000E+00
  0.3645000E+04  0.0000000E+00
  0.3652500E+04  0.0000000E+00
  0.3660000E+04  0.0000000E+00
  0.3667500E+04  0.0000000E+00
  0.3675000E+04  0.0000000E+00
  0.3682500E+04  0.0000000E+00
  0.3690000E+04  0.0000000E+00
  0.3697500E+04  0.0000000E+00
  0.3705000E+04  0.0000000E+00
  0.3712500E+04  0.0000000E+00
  0.3720000E+04  0.0000000E+00
  0.3727500E+04  0.0000000E+00
  0.3735000E+04  0.0000000E+00
  0.3742500E+04  0.0000000E+00
  0.3750000E+04  0.0000000E+00
  0.3757500E+04  0.0000000E+00
  0.3765000E+04  0.0000000E+00
  0.3772500E+04  0.0000000E+00
  0.3780000E+04  0.0000000E+00
  0.3787500E+04  0.0000000E+00
  0.3795000E+04  0.0000000E+00
  0.3802500E+04  0.0000000E+00
  0.3810000E+04  0.0000000E+00
  0.3817500E+04  0.0000000E+00
  0.3825000E+04  0.0000000E+00
  0.3832500E+04  0.0000000E+00
  0.3840000E+04  0.0000000E+00
  0.3847500E+04  0.0000000E+00
  0.3855000E+04  0.0000000E+00
  0.3862500E+04  0.0000000E+00
  0.3870000E+04  0.0000000E+00
  0.3877500E+04  0.0000000E+00
  0.3885000E+04  0.0000000E+00
  0.3892500E+04  0.0000000E+00
  0.3900000E+04  0.0000000E+00
  0.3907500E+04  0.0000000E+00
  0.3915000E+04  0.0000000E+00
  0.3922500E+04  0.0000000E+00
  0.3930000E+04  0.0000000E+00
  0.3937500E+04  0.0000000E+00
  0.3945000E+04  0.0000000E+00
  0.3952500E+04  0.0000000E+00
  0.3960000E+04  0.0000000E+00
  0.3967500E+04  0.0000000E+00
  0.3975000E+04  0.0000000E+00
  0.3982500E+04  0.0000000E+00
  0.3990000E+04  0.0000000E+00
  0.3997500E+04  0.0000000E+00
  0.4005000E+04  0.0000000E+00
  0.4012500E+04  0.0000000E+00
  0.4020000E+04  0.0000000E+00
  0.4027500E+04  0.0000000E+00
  0.4035000E+04  0.0000000E+00
  0.4042500E+04  0.0000000E+00
  0.4050000E+04  0.0000000E+00
  0.4057500E+04  0.0000000E+00
  0.4065000E+04  0.0000000E+00
  0.4072500E+04  0.0000000E+00
  0.4080000E+04  0.0000000E+00
  0.4087500E+04  0.0000000E+00
  0.4095000E+04  0.0000000E+00
  0.4102500E+04  0.0000000E+00
  0.4110000E+04  0.0000000E+00
  0.4117500E+04  0.0000000E+00
  0.4125000E+04  0.0000000E+00
  0.4132500E+04  0.0000000E+00
  0.4140000E+04  0.0000000E+00
  0.4147500E+04  0.0000000E+00
  0.4155000E+04  0.0000000E+00
  0.4162500E+04  0.0000000E+00
  0.4170000E+04  0.0000000E+00
  0.4177500E+04  0.0000000E+00
  0.4185000E+04  0.0000000E+00
  0.4192500E+04  0.0000000E+00
  0.4200000E+04  0.0000000E+00
  0.4207500E+04  0.0000000E+00
  0.4215000E+04  0.0000000E+00
  0.4222500E+04  0.0000000E+00
  0.4230000E+04  0.0000000E+00
  0.4237500E+04  0.0000000E+00
  0.4245000E+04  0.0000000E+00
  0.4252500E+04  0.0000000E+00
  0.4260000E+04  0.0000000E+00
  0.4267500E+04  0.0000000E+00
  0.4275000E+04  0.0000000E+00
  0.4282500E+04  0.0000000E+00
  0.4290000E+04  0.0000000E+00
  0.4297500E+04  0.0000000E+00
  0.4305000E+04  0.0000000E+00
  0.4312500E+04  0.0000000E+00
  0.4320000E+04  0.0000000E+00
  0.4327500E+04  0.0000000E+00
  0.4335000E+04  0.0000000E+00
  0.4342500E+04  0.0000000E+00
  0.4350000E+04  0.0000000E+00
  0.4357500E+04  0.0000000E+00
  0.4365000E+04  0.0000000E+00
  0.4372500E+04  0.0000000E+00
  0.4380000E+04  0.0000000E+00
  0.4387500E+04  0.0000000E+00
  0.4395000E+04  0.0000000E+00
  0.4402500E+04  0.0000000E+00
  0.4410000E+04  0.0000000E+00
  0.4417500E+04  0.0000000E+00
  0.4425000E+04  0.0000000E+00
  0.4432500E+04  0.0000000E+00
  0.4440000E+04  0.0000000E+00
  0.4447500E+04  0.0000000E+00
  0.4455000E+04  0.0000000E+00
  0.4462500E+04  0.0000000E+00
  0.4470000E+04  0.0000000E+00
  0.4477500E+04  0.0000000E+00
  0.4485000E+04  0.0000000E+00
  0.4492500E+04  0.0000000E+00
  0.4500000E+04  0.0000000E+00
  0.4507500E+04  0.0000000E+00
  0.4515000E+04  0.0000000E+00
  0.4522500E+04  0.0000000E+00
  0.4530000E+04  0.0000000E+00
  0.4537500E+04  0.0000000E+00
  0.4545000E+04  0.0000000E+00
  0.4552500E+04  0.0000000E+00
  0.4560000E+04  0.0000000E+00
  0.4567500E+04  0.0000000E+00
  0.4575000E+04  0.0000000E+00
  0.4582500E+04  0.0000000E+00
  0.4590000E+04  0.0000000E+00
  0.4597500E+04  0.0000000E+00
  0.4605000E+04  0.0000000E+00
  0.4612500E+04  0.0000000E+00
  0.4620000E+04  0.0000000E+00
  0.4627500E+04  0.0000000E+00
  0.4635000E+04  0.0000000E+00
  0.4642500E+04  0.0000000E+00
  0.4650000E+04  0.0000000E+00
  0.4657500E+04  0.0000000E+00
  0.4665000E+04  0.0000000E+00
  0.4672500E+04  0.0000000E+00
  0.4680000E+04  0.0000000E+00
  0.4687500E+04  0.0000000E+00
  0.4695000E+04  0.0000000E+00
  0.4702500E+04  0.0000000E+00
  0.4710000E+04  0.0000000E+00
  0.4717500E+04  0.0000000E+00
  0.4725000E+04  0.0000000E+00
  0.4732500E+04  0.0000000E+00
  0.4740000E+04  0.0000000E+00
  0.4747500E+04  0.0000000E+00
  0.4755000E+04  0.0000000E+00
  0.4762500E+04  0.0000000E+00
  0.4770000E+04  0.0000000E+00
  0.4777500E+04  0.0000000E+00
  0.4785000E+04  0.0000000E+00
  0.4792500E+04  0.0000000E+00
  0.4800000E+04  0.0000000E+00
  0.4807500E+04  0.0000000E+00
  0.4815000E+04  0.0000000E+00
  0.4822500E+04  0.0000000E+00
  0.4830000E+04  0.0000000E+00
  0.4837500E+04  0.0000000E+00
  0.4845000E+04  0.0000000E+00
  0.4852500E+04  0.0000000E+00
  0.4860000E+04  0.0000000E+00
  0.4867500E+04  0.0000000E+00
  0.4875000E+04  0.0000000E+00
  0.4882500E+04  0.0000000E+00
  0.4890000E+04  0.0000000E+00
  0.4897500E+04  0.0000000E+00
  0.4905000E+04  0.0000000E+00
  0.4912500E+04  0.0000000E+00
  0.4920000E+04  0.0000000E+00
  0.4927500E+04  0.0000000E+00
  0.4935000E+04  0.0000000E+00
  0.4942500E+04  0.0000000E+00
  0.4950000E+04  0.0000000E+00
  0.4957500E+04  0.0000000E+00
  0.4965000E+04  0.0000000E+00
  0.4972500E+04  0.0000000E+00
  0.4980000E+04  0.0000000E+00
  0.4987500E+04  0.0000000E+00
  0.4995000E+04  0.0000000E+00
  0.5002500E+04  0.0000000E+00
  0.5010000E+04  0.0000000E+00
  0.5017500E+04  0.0000000E+00
  0.5025000E+04  0.0000000E+00
  0.5032500E+04  0.0000000E+00
  0.5040000E+04  0.0000000E+00
  0.5047500E+04  0.0000000E+00
  0.5055000E+04  0.0000000E+00
  0.5062500E+04  0.0000000E+00
  0.5070000E+04  0.0000000E+00
  0.5077500E+04  0.0000000E+00
  0.5085000E+04  0.0000000E+00
  0.5092500E+04  0.0000000E+00
  0.5100000E+04  0.0000000E+00
  0.5107500E+04  0.0000000E+00
  0.5115000E+04  0.0000000E+00
  0.5122500E+04  0.0000000E+00
  0.5130000E+04  0.0000000E+00
  0.5137500E+04  0.0000000E+00
  0.5145000E+04  0.0000000E+00
  0.5152500E+04  0.0000000E+00
  0.5160000E+04  0.0000000E+00
  0.5167500E+04  0.0000000E+00
  0.5175000E+04  0.0000000E+00
  0.5182500E+04  0.0000000E+00
  0.5190000E+04  0.0000000E+00
  0.5197500E+04  0.0000000E+00
  0.5205000E+04  0.0000000E+00
  0.5212500E+04  0.0000000E+00
  0.5220000E+04  0.0000000E+00
  0.5227500E+04  0.0000000E+00
  0.5235000E+04  0.0000000E+00
  0.5242500E+04  0.0000000E+00
  0.5250000E+04  0.0000000E+00
  0.5257500E+04  0.0000000E+00
  0.5265000E+04  0.0000000E+00
  0.5272500E+04  0.0000000E+00
  0.5280000E+04  0.0000000E+00
  0.5287500E+04  0.0000000E+00
  0.5295000E+04  0.0000000E+00
  0.5302500E+04  0.0000000E+00
  0.5310000E+04  0.0000000E+00
  0.5317500E+04  0.0000000E+00
  0.5325000E+04  0.0000000E+00
  0.5332500E+04  0.0000000E+00
  0.5340000E+04  0.0000000E+00
  0.5347500E+04  0.0000000E+00
  0.5355000E+04  0.0000000E+00
  0.5362500E+04  0.0000000E+00
  0.5370000E+04  0.0000000E+00
  0.5377500E+04  0.0000000E+00
  0.5385000E+04  0.0000000E+00
  0.5392500E+04  0.0000000E+00
  0.5400000E+04  0.0000000E+00
  0.5407500E+04  0.0000000E+00
  0.5415000E+04  0.0000000E+00
  0.5422500E+04  0.0000000E+00
  0.5430000E+04  0.0000000E+00
  0.5437500E+04  0.0000000E+00
  0.5445000E+04  0.0000000E+00
  0.5452500E+04  0.0000000E+00
  0.5460000E+04  0.0000000E+00
  0.5467500E+04  0.0000000E+00
  0.5475000E+04  0.0000000E+00
  0.5482500E+04  0.0000000E+00
  0.5490000E+04  0.0000000E+00
  0.5497500E+04  0.0000000E+00
  0.5505000E+04  0.0000000E+00
  0.5512500E+04  0.0000000E+00
  0.5520000E+04  0.0000000E+00
  0.5527500E+04  0.0000000E+00
  0.5535000E+04  0.0000000E+00
  0.5542500E+04  0.0000000E+00
  0.5550000E+04  0.0000000E+00
  0.5557500E+04  0.0000000E+00
  0.5565000E+04  0.0000000E+00
  0.5572500E+04  0.0000000E+00
  0.5580000E+04  0.0000000E+00
  0.5587500E+04  0.0000000E+00
  0.5595000E+04  0.0000000E+00
  0.5602500E+04  0.0000000E+00
  0.5610000E+04  0.0000000E+00
  0.5617500E+04  0.0000000E+00
  0.5625000E+04  0.0000000E+00
  0.5632500E+04  0.0000000E+00
  0.5640000E+04  0.0000000E+00
  0.5647500E+04  0.0000000E+00
  0.5655000E+04  0.0000000E+00
  0.5662500E+04  0.0000000E+00
  0.5670000E+04  0.0000000E+00
  0.5677500E+04  0.0000000E+00
  0.5685000E+04  0.0000000E+00
  0.5692500E+04  0.0000000E+00
  0.5700000E+04  0.0000000E+00
  0.5707500E+04  0.0000000E+00
  0.5715000E+04  0.0000000E+00
  0.5722500E+04  0.0000000E+00
  0.5730000E+04  0.0000000E+00
  0.5737500E+04  0.0000000E+00
  0.5745000E+04  0.0000000E+00
  0.5752500E+04  0.0000000E+00
  0.5760000E+04  0.0000000E+00
  0.5767500E+04  0.0000000E+00
  0.5775000E+04  0.0000000E+00
  0.5782500E+04  0.0000000E+00
  0.5790000E+04  0.0000000E+00
  0.5797500E+04  0.0000000E+00
  0.5805000E+04  0.0000000E+00
  0.5812500E+04  0.0000000E+00
  0.5820000E+04  0.0000000E+00
  0.5827500E+04  0.0000000E+00
  0.5835000E+04  0.0000000E+00
  0.5842500E+04  0.0000000E+00
  0.5850000E+04  0.0000000E+00
  0.5857500E+04  0.0000000E+00
  0.5865000E+04  0.0000000E+00
  0.5872500E+04  0.0000000E+00
  0.5880000E+04  0.0000000E+00
  0.5887500E+04  0.0000000E+00
  0.5895000E+04  0.0000000E+00
  0.5902500E+04  0.0000000E+00
  0.5910000E+04  0.0000000E+00
  0.5917500E+04  0.0000000E+00
  0.5925000E+04  0.0000000E+00
  0.5932500E+04  0.0000000E+00
  0.5940000E+04  0.0000000E+00
  0.5947500E+04  0.0000000E+00
  0.5955000E+04  0.0000000E+00
  0.5962500E+04  0.0000000E+00
  0.5970000E+04  0.0000000E+00
  0.5977500E+04  0.0000000E+00
  0.5985000E+04  0.0000000E+00
  0.5992500E+04  0.0000000E+00
  0.6000000E+04  0.0000000E+00
  0.6007500E+04  0.0000000E+00
  0.6015000E+04  0.0000000E+00
  0.6022500E+04  0.0000000E+00
  0.6030000E+04  0.0000000E+00
  0.6037500E+04  0.0000000E+00
  0.6045000E+04  0.0000000E+00
  0.6052500E+04  0.0000000E+00
  0.6060000E+04  0.0000000E+00
  0.6067500E+04  0.0000000E+00
  0.6075000E+04  0.0000000E+00
  0.6082500E+04  0.0000000E+00
  0.6090000E+04  0.0000000E+00
  0.6097500E+04  0.0000000E+00
  0.6105000E+04  0.0000000E+00
  0.6112500E+04  0.0000000E+00
  0.6120000E+04  0.0000000E+00
  0.6127500E+04  0.0000000E+00
  0.6135000E+04  0.0000000E+00
  0.6142500E+04  0.0000000E+00
  0.6150000E+04  0.0000000E+00
  0.6157500E+04  0.0000000E+00
  0.6165000E+04  0.0000000E+00
  0.6172500E+04  0.0000000E+00
  0.6180000E+04  0.0000000E+00
  0.6187500E+04  0.0000000E+00
  0.6195000E+04  0.0000000E+00
  0.6202500E+04  0.0000000E+00
  0.6210000E+04  0.0000000E+00
  0.6217500E+04  0.0000000E+00
  0.6225000E+04  0.0000000E+00
  0.6232500E+04  0.0000000E+00
  0.6240000E+04  0.0000000E+00
  0.6247500E+04  0.0000000E+00
  0.6255000E+04  0.0000000E+00
  0.6262500E+04  0.0000000E+00
  0.6270000E+04  0.0000000E+00
  0.6277500E+04  0.0000000E+00
  0.6285000E+04  0.0000000E+00
  0.6292500E+04  0.0000000E+00
  0.6300000E+04  0.0000000E+00
  0.6307500E+04  0.0000000E+00
  0.6315000E+04  0.0000000E+00
  0.6322500E+04  0.0000000E+00
  0.6330000E+04  0.0000000E+00
  0.6337500E+04  0.0000000E+00
  0.6345000E+04  0.0000000E+00
  0.6352500E+04  0.0000000E+00
  0.6360000E+04  0.0000000E+00
  0.6367500E+04  0.0000000E+00
  0.6375000E+04  0.0000000E+00
  0.6382500E+04  0.0000000E+00
  0.6390000E+04  0.0000000E+00
  0.6397500E+04  0.0000000E+00
  0.6405000E+04  0.0000000E+00
  0.6412500E+04  0.0000000E+00
  0.6420000E+04  0.0000000E+00
  0.6427500E+04  0.0000000E+00
  0.6435000E+04  0.0000000E+00
  0.6442500E+04  0.0000000E+00
  0.6450000E+04  0.0000000E+00
  0.6457500E+04  0.0000000E+00
  0.6465000E+04  0.0000000E+00
  0.6472500E+04  0.0000000E+00
  0.6480000E+04  0.0000000E+00
  0.6487500E+04  0.0000000E+00
  0.6495000E+04  0.0000000E+00
  0.6502500E+04  0.0000000E+00
  0.6510000E+04  0.0000000E+00
  0.6517500E+04  0.0000000E+00
  0.6525000E+04  0.0000000E+00
  0.6532500E+04  0.0000000E+00
  0.6540000E+04  0.0000000E+00
  0.6547500E+04  0.0000000E+00
  0.6555000E+04  0.0000000E+00
  0.6562500E+04  0.0000000E+00
  0.6570000E+04  0.0000000E+00
  0.6577500E+04  0.0000000E+00
  0.6585000E+04  0.0000000E+00
  0.6592500E+04  0.0000000E+00
  0.6600000E+04  0.0000000E+00
  0.6607500E+04  0.0000000E+00
  0.6615000E+04  0.0000000E+00
  0.6622500E+04  0.0000000E+00
  0.6630000E+04  0.0000000E+00
  0.6637500E+04  0.0000000E+00
  0.6645000E+04  0.0000000E+00
  0.6652500E+04  0.0000000E+00
  0.6660000E+04  0.0000000E+00
  0.6667500E+04  0.0000000E+00
  0.6675000E+04  0.0000000E+00
  0.6682500E+04  0.0000000E+00
  0.6690000E+04  0.0000000E+00
  0.6697500E+04  0.0000000E+00
  0.6705000E+04  0.0000000E+00
  0.6712500E+04  0.0000000E+00
  0.6720000E+04  0.0000000E+00
  0.6727500E+04  0.0000000E+00
  0.6735000E+04  0.0000000E+00
  0.6742500E+04  0.0000000E+00
  0.6750000E+04  0.0000000E+00
  0.6757500E+04  0.0000000E+00
  0.6765000E+04  0.0000000E+00
  0.6772500E+04  0.0000000E+00
  0.6780000E+04  0.0000000E+00
  0.6787500E+04  0.0000000E+00
  0.6795000E+04  0.0000000E+00
  0.6802500E+04  0.0000000E+00
  0.6810000E+04  0.0000000E+00
  0.6817500E+04  0.0000000E+00
  0.6825000E+04  0.0000000E+00
  0.6832500E+04  0.0000000E+00
  0.6840000E+04  0.0000000E+00
  0.6847500E+04  0.0000000E+00
  0.6855000E+04  0.0000000E+00
  0.6862500E+04  0.0000000E+00
  0.6870000E+04  0.0000000E+00
  0.6877500E+04  0.0000000E+00
  0.6885000E+04  0.0000000E+00
  0.6892500E+04  0.0000000E+00
  0.6900000E+04  0.0000000E+00
  0.6907500E+04  0.0000000E+00
  0.6915000E+04  0.0000000E+00
  0.6922500E+04  0.0000000E+00
  0.6930000E+04  0.0000000E+00
  0.6937500E+04  0.0000000E+00
  0.6945000E+04  0.0000000E+00
  0.6952500E+04  0.0000000E+00
  0.6960000E+04  0.0000000E+00
  0.6967500E+04  0.0000000E+00
  0.6975000E+04  0.0000000E+00
  0.6982500E+04  0.0000000E+00
  0.6990000E+04  0.0000000E+00
  0.6997500E+04  0.0000000E+00
  0.7005000E+04  0.0000000E+00
  0.7012500E+04  0.0000000E+00
  0.7020000E+04  0.0000000E+00
  0.7027500E+04  0.0000000E+00
  0.7035000E+04  0.0000000E+00
  0.7042500E+04  0.0000000E+00
  0.7050000E+04  0.0000000E+00
  0.7057500E+04  0.0000000E+00
  0.7065000E+04  0.0000000E+00
  0.7072500E+04  0.0000000E+00
  0.7080000E+04  0.0000000E+00
  0.7087500E+04  0.0000000E+00
  0.7095000E+04  0.0000000E+00
  0.7102500E+04  0.0000000E+00
  0.7110000E+04  0.0000000E+00
  0.7117500E+04  0.0000000E+00
  0.7125000E+04  0.0000000E+00
  0.7132500E+04  0.0000000E+00
  0.7140000E+04  0.0000000E+00
  0.7147500E+04  0.0000000E+00
  0.7155000E+04  0.0000000E+00
  0.7162500E+04  0.0000000E+00
  0.7170000E+04  0.0000000E+00
  0.7177500E+04  0.0000000E+00
  0.7185000E+04  0.0000000E+00
  0.7192500E+04  0.0000000E+00
  0.7200000E+04  0.0000000E+00
  0.7207500E+04  0.0000000E+00
  0.7215000E+04  0.0000000E+00
  0.7222500E+04  0.0000000E+00
  0.7230000E+04  0.0000000E+00
  0.7237500E+04  0.0000000E+00
  0.7245000E+04  0.0000000E+00
  0.7252500E+04  0.0000000E+00
  0.7260000E+04  0.0000000E+00
  0.7267500E+04  0.0000000E+00
  0.7275000E+04  0.0000000E+00
  0.7282500E+04  0.0000000E+00
  0.7290000E+04  0.0000000E+00
  0.7297500E+04  0.0000000E+00
  0.7305000E+04  0.0000000E+00
  0.7312500E+04  0.0000000E+00
  0.7320000E+04  0.0000000E+00
  0.7327500E+04  0.0000000E+00
  0.7335000E+04  0.0000000E+00
  0.7342500E+04  0.0000000E+00
  0.7350000E+04  0.0000000E+00
  0.7357500E+04  0.0000000E+00
  0.7365000E+04  0.0000000E+00
  0.7372500E+04  0.0000000E+00
  0.7380000E+04  0.0000000E+00
  0.7387500E+04  0.0000000E+00
  0.7395000E+04  0.0000000E+00
  0.7402500E+04  0.0000000E+00
  0.7410000E+04  0.0000000E+00
  0.7417500E+04  0.0000000E+00
  0.7425000E+04  0.0000000E+00
  0.7432500E+04  0.0000000E+00
  0.7440000E+04  0.0000000E+00
  0.7447500E+04  0.0000000E+00
  0.7455000E+04  0.0000000E+00
  0.7462500E+04  0.0000000E+00
  0.7470000E+04  0.0000000E+00
  0.7477500E+04  0.0000000E+00
  0.7485000E+04  0.0000000E+00
  0.7492500E+04  0.0000000E+00
  0.7500000E+04  0.0000000E+00
  0.7507500E+04  0.0000000E+00
  0.7515000E+04  0.0000000E+00
  0.7522500E+04  0.0000000E+00
  0.7530000E+04  0.0000000E+00
  0.7537500E+04  0.0000000E+00
  0.7545000E+04  0.0000000E+00
  0.7552500E+04  0.0000000E+00
  0.7560000E+04  0.0000000E+00
  0.7567500E+04  0.0000000E+00
  0.7575000E+04  0.0000000E+00
  0.7582500E+04  0.0000000E+00
  0.7590000E+04  0.0000000E+00
  0.7597500E+04  0.0000000E+00
  0.7605000E+04  0.0000000E+00
  0.7612500E+04  0.0000000E+00
  0.7620000E+04  0.0000000E+00
  0.7627500E+04  0.0000000E+00
  0.7635000E+04  0.0000000E+00
  0.7642500E+04  0.0000000E+00
  0.7650000E+04  0.0000000E+00
  0.7657500E+04  0.0000000E+00
  0.7665000E+04  0.0000000E+00
  0.7672500E+04  0.0000000E+00
  0.7680000E+04  0.0000000E+00
  0.7687500E+04  0.0000000E+00
  0.7695000E+04  0.0000000E+00
  0.7702500E+04  0.0000000E+00
  0.7710000E+04  0.0000000E+00
  0.7717500E+04  0.0000000E+00
  0.7725000E+04  0.0000000E+00
  0.7732500E+04  0.0000000E+00
  0.7740000E+04  0.0000000E+00
  0.7747500E+04  0.0000000E+00
  0.7755000E+04  0.0000000E+00
  0.7762500E+04  0.0000000E+00
  0.7770000E+04  0.0000000E+00
  0.7777500E+04  0.0000000E+00
  0.7785000E+04  0.0000000E+00
  0.7792500E+04  0.0000000E+00
  0.7800000E+04  0.0000000E+00
  0.7807500E+04  0.0000000E+00
  0.7815000E+04  0.0000000E+00
  0.7822500E+04  0.0000000E+00
  0.7830000E+04  0.0000000E+00
  0.7837500E+04  0.0000000E+00
  0.7845000E+04  0.0000000E+00
  0.7852500E+04  0.0000000E+00
  0.7860000E+04  0.0000000E+00
  0.7867500E+04  0.0000000E+00
  0.7875000E+04  0.0000000E+00
  0.7882500E+04  0.0000000E+00
  0.7890000E+04  0.0000000E+00
  0.7897500E+04  0.0000000E+00
  0.7905000E+04  0.0000000E+00
  0.7912500E+04  0.0000000E+00
  0.7920000E+04  0.0000000E+00
  0.7927500E+04  0.0000000E+00
  0.7935000E+04  0.0000000E+00
  0.7942500E+04  0.0000000E+00
  0.7950000E+04  0.0000000E+00
  0.7957500E+04  0.0000000E+00
  0.7965000E+04  0.0000000E+00
  0.7972500E+04  0.0000000E+00
  0.7980000E+04  0.0000000E+00
  0.7987500E+04  0.0000000E+00
  0.7995000E+04  0.0000000E+00
  0.8002500E+04  0.0000000E+00
  0.8010000E+04  0.0000000E+00
  0.8017500E+04  0.0000000E+00
  0.8025000E+04  0.0000000E+00
  0.8032500E+04  0.0000000E+00
  0.8040000E+04  0.0000000E+00
  0.8047500E+04  0.0000000E+00
  0.8055000E+04  0.0000000E+00
  0.8062500E+04  0.0000000E+00
  0.8070000E+04  0.0000000E+00
  0.8077500E+04  0.0000000E+00
  0.8085000E+04  0.0000000E+00
  0.8092500E+04  0.0000000E+00
  0.8100000E+04  0.0000000E+00
  0.8107500E+04  0.0000000E+00
  0.8115000E+04  0.0000000E+00
  0.8122500E+04  0.0000000E+00
  0.8130000E+04  0.0000000E+00
  0.8137500E+04  0.0000000E+00
  0.8145000E+04  0.0000000E+00
  0.8152500E+04  0.0000000E+00
  0.8160000E+04  0.0000000E+00
  0.8167500E+04  0.0000000E+00
  0.8175000E+04  0.0000000E+00
  0.8182500E+04  0.0000000E+00
  0.8190000E+04  0.0000000E+00
  0.8197500E+04  0.0000000E+00
  0.8205000E+04  0.0000000E+00
  0.8212500E+04  0.0000000E+00
  0.8220000E+04  0.0000000E+00
  0.8227500E+04  0.0000000E+00
  0.8235000E+04  0.0000000E+00
  0.8242500E+04  0.0000000E+00
  0.8250000E+04  0.0000000E+00
  0.8257500E+04  0.0000000E+00
  0.8265000E+04  0.0000000E+00
  0.8272500E+04  0.0000000E+00
  0.8280000E+04  0.0000000E+00
  0.8287500E+04  0.0000000E+00
  0.8295000E+04  0.0000000E+00
  0.8302500E+04  0.0000000E+00
  0.8310000E+04  0.0000000E+00
  0.8317500E+04  0.0000000E+00
  0.8325000E+04  0.0000000E+00
  0.8332500E+04  0.0000000E+00
  0.8340000E+04  0.0000000E+00
  0.8347500E+04  0.0000000E+00
  0.8355000E+04  0.0000000E+00
  0.8362500E+04  0.0000000E+00
  0.8370000E+04  0.0000000E+00
  0.8377500E+04  0.0000000E+00
  0.8385000E+04  0.0000000E+00
  0.8392500E+04  0.0000000E+00
  0.8400000E+04  0.0000000E+00
  0.8407500E+04  0.0000000E+00
  0.8415000E+04  0.0000000E+00
  0.8422500E+04  0.0000000E+00
  0.8430000E+04  0.0000000E+00
  0.8437500E+04  0.0000000E+00
  0.8445000E+04  0.0000000E+00
  0.8452500E+04  0.0000000E+00
  0.8460000E+04  0.0000000E+00
  0.8467500E+04  0.0000000E+00
  0.8475000E+04  0.0000000E+00
  0.8482500E+04  0.0000000E+00
  0.8490000E+04  0.0000000E+00
  0.8497500E+04  0.0000000E+00
  0.8505000E+04  0.0000000E+00
  0.8512500E+04  0.0000000E+00
  0.8520000E+04  0.0000000E+00
  0.8527500E+04  0.0000000E+00
  0.8535000E+04  0.0000000E+00
  0.8542500E+04  0.0000000E+00
  0.8550000E+04  0.0000000E+00
  0.8557500E+04  0.0000000E+00
  0.8565000E+04  0.0000000E+00
  0.8572500E+04  0.0000000E+00
  0.8580000E+04  0.0000000E+00
  0.8587500E+04  0.0000000E+00
  0.8595000E+04  0.0000000E+00
  0.8602500E+04  0.0000000E+00
  0.8610000E+04  0.0000000E+00
  0.8617500E+04  0.0000000E+00
  0.8625000E+04  0.0000000E+00
  0.8632500E+04  0.0000000E+00
  0.8640000E+04  0.0000000E+00
  0.8647500E+04  0.0000000E+00
  0.8655000E+04  0.0000000E+00
  0.8662500E+04  0.0000000E+00
  0.8670000E+04  0.0000000E+00
  0.8677500E+04  0.0000000E+00
  0.8685000E+04  0.0000000E+00
  0.8692500E+04  0.0000000E+00
  0.8700000E+04  0.0000000E+00
  0.8707500E+04  0.0000000E+00
  0.8715000E+04  0.0000000E+00
  0.8722500E+04  0.0000000E+00
  0.8730000E+04  0.0000000E+00
  0.8737500E+04  0.0000000E+00
  0.8745000E+04  0.0000000E+00
  0.8752500E+04  0.0000000E+00
  0.8760000E+04  0.0000000E+00
  0.8767500E+04  0.0000000E+00
  0.8775000E+04  0.0000000E+00
  0.8782500E+04  0.0000000E+00
  0.8790000E+04  0.0000000E+00
  0.8797500E+04  0.0000000E+00
  0.8805000E+04  0.0000000E+00
  0.8812500E+04  0.0000000E+00
  0.8820000E+04  0.0000000E+00
  0.8827500E+04  0.0000000E+00
  0.8835000E+04  0.0000000E+00
  0.8842500E+04  0.0000000E+00
  0.8850000E+04  0.0000000E+00
  0.8857500E+04  0.0000000E+00
  0.8865000E+04  0.0000000E+00
  0.8872500E+04  0.0000000E+00
  0.8880000E+04  0.0000000E+00
  0.8887500E+04  0.0000000E+00
  0.8895000E+04  0.0000000E+00
  0.8902500E+04  0.0000000E+00
  0.8910000E+04  0.0000000E+00
  0.8917500E+04  0.0000000E+00
  0.8925000E+04  0.0000000E+00
  0.8932500E+04  0.0000000E+00
  0.8940000E+04  0.0000000E+00
  0.8947500E+04  0.0000000E+00
  0.8955000E+04  0.0000000E+00
  0.8962500E+04  0.0000000E+00
  0.8970000E+04  0.0000000E+00
  0.8977500E+04  0.0000000E+00
  0.8985000E+04  0.0000000E+00
  0.8992500E+04  0.0000000E+00
  0.9000000E+04  0.0000000E+00
  0.9007500E+04  0.0000000E+00
  0.9015000E+04  0.0000000E+00
  0.9022500E+04  0.0000000E+00
  0.9030000E+04  0.0000000E+00
  0.9037500E+04  0.0000000E+00
  0.9045000E+04  0.0000000E+00
  0.9052500E+04  0.0000000E+00
  0.9060000E+04  0.0000000E+00
  0.9067500E+04  0.0000000E+00
  0.9075000E+04  0.0000000E+00
  0.9082500E+04  0.0000000E+00
  0.9090000E+04  0.0000000E+00
  0.9097500E+04  0.0000000E+00
  0.9105000E+04  0.0000000E+00
  0.9112500E+04  0.0000000E+00
  0.9120000E+04  0.0000000E+00
  0.9127500E+04  0.0000000E+00
  0.9135000E+04  0.0000000E+00
  0.9142500E+04  0.0000000E+00
  0.9150000E+04  0.0000000E+00
  0.9157500E+04  0.0000000E+00
  0.9165000E+04  0.0000000E+00
  0.9172500E+04  0.0000000E+00
  0.9180000E+04  0.0000000E+00
  0.9187500E+04  0.0000000E+00
  0.9195000E+04  0.0000000E+00
  0.9202500E+04  0.0000000E+00
  0.9210000E+04  0.0000000E+00
  0.9217500E+04  0.0000000E+00
  0.9225000E+04  0.0000000E+00
  0.9232500E+04  0.0000000E+00
  0.9240000E+04  0.0000000E+00
  0.9247500E+04  0.0000000E+00
  0.9255000E+04  0.0000000E+00
  0.9262500E+04  0.0000000E+00
  0.9270000E+04  0.0000000E+00
  0.9277500E+04  0.0000000E+00
  0.9285000E+04  0.0000000E+00
  0.9292500E+04  0.0000000E+00
  0.9300000E+04  0.0000000E+00
  0.9307500E+04  0.0000000E+00
  0.9315000E+04  0.0000000E+00
  0.9322500E+04  0.0000000E+00
  0.9330000E+04  0.0000000E+00
  0.9337500E+04  0.0000000E+00
  0.9345000E+04  0.0000000E+00
  0.9352500E+04  0.0000000E+00
  0.9360000E+04  0.0000000E+00
  0.9367500E+04  0.0000000E+00
  0.9375000E+04  0.0000000E+00
  0.9382500E+04  0.0000000E+00
  0.9390000E+04  0.0000000E+00
  0.9397500E+04  0.0000000E+00
  0.9405000E+04  0.0000000E+00
  0.9412500E+04  0.0000000E+00
  0.9420000E+04  0.0000000E+00
  0.9427500E+04  0.0000000E+00
  0.9435000E+04  0.0000000E+00
  0.9442500E+04  0.0000000E+00
  0.9450000E+04  0.0000000E+00
  0.9457500E+04  0.0000000E+00
  0.9465000E+04  0.0000000E+00
  0.9472500E+04  0.0000000E+00
  0.9480000E+04  0.0000000E+00
  0.9487500E+04  0.0000000E+00
  0.9495000E+04  0.0000000E+00
  0.9502500E+04  0.0000000E+00
  0.9510000E+04  0.0000000E+00
  0.9517500E+04  0.0000000E+00
  0.9525000E+04  0.0000000E+00
  0.9532500E+04  0.0000000E+00
  0.9540000E+04  0.0000000E+00
  0.9547500E+04  0.0000000E+00
  0.9555000E+04  0.0000000E+00
  0.9562500E+04  0.0000000E+00
  0.9570000E+04  0.0000000E+00
  0.9577500E+04  0.0000000E+00
  0.9585000E+04  0.0000000E+00
  0.9592500E+04  0.0000000E+00
  0.9600000E+04  0.0000000E+00
  0.9607500E+04  0.0000000E+00
  0.9615000E+04  0.0000000E+00
  0.9622500E+04  0.0000000E+00
  0.9630000E+04  0.0000000E+00
  0.9637500E+04  0.0000000E+00
  0.9645000E+04  0.0000000E+00
  0.9652500E+04  0.0000000E+00
  0.9660000E+04  0.0000000E+00
  0.9667500E+04  0.0000000E+00
  0.9675000E+04  0.0000000E+00
  0.9682500E+04  0.0000000E+00
  0.9690000E+04  0.0000000E+00
  0.9697500E+04  0.0000000E+00
  0.9705000E+04  0.0000000E+00
  0.9712500E+04  0.0000000E+00
  0.9720000E+04  0.0000000E+00
  0.9727500E+04  0.0000000E+00
  0.9735000E+04  0.0000000E+00
  0.9742500E+04  0.0000000E+00
  0.9750000E+04  0.0000000E+00
  0.9757500E+04  0.0000000E+00
  0.9765000E+04  0.0000000E+00
  0.9772500E+04  0.0000000E+00
  0.9780000E+04  0.0000000E+00
  0.9787500E+04  0.0000000E+00
  0.9795000E+04  0.0000000E+00
  0.9802500E+04  0.0000000E+00
  0.9810000E+04  0.0000000E+00
  0.9817500E+04  0.0000000E+00
  0.9825000E+04  0.0000000E+00
  0.9832500E+04  0.0000000E+00
  0.9840000E+04  0.0000000E+00
  0.9847500E+04  0.0000000E+00
  0.9855000E+04  0.0000000E+00
  0.9862500E+04  0.0000000E+00
  0.9870000E+04  0.0000000E+00
  0.9877500E+04  0.0000000E+00
  0.9885000E+04  0.0000000E+00
  0.9892500E+04  0.0000000E+00
  0.9900000E+04  0.0000000E+00
  0.9907500E+04  0.0000000E+00
  0.9915000E+04  0.0000000E+00
  0.9922500E+04  0.0000000E+00
  0.9930000E+04  0.0000000E+00
  0.9937500E+04  0.0000000E+00
  0.9945000E+04  0.0000000E+00
  0.9952500E+04  0.0000000E+00
  0.9960000E+04  0.0000000E+00
  0.9967500E+04  0.0000000E+00
  0.9975000E+04  0.0000000E+00
  0.9982500E+04  0.0000000E+00
  0.9990000E+04  0.0000000E+00
  0.9997500E+04  0.0000000E+00
  0.1000500E+05  0.0000000E+00
  0.1001250E+05  0.0000000E+00
  0.1002000E+05  0.0000000E+00
  0.1002750E+05  0.0000000E+00
  0.1003500E+05  0.0000000E+00
  0.1004250E+05  0.0000000E+00
  0.1005000E+05  0.0000000E+00
  0.1005750E+05  0.0000000E+00
  0.1006500E+05  0.0000000E+00
  0.1007250E+05  0.0000000E+00
  0.1008000E+05  0.0000000E+00
  0.1008750E+05  0.0000000E+00
  0.1009500E+05  0.0000000E+00
  0.1010250E+05  0.0000000E+00
  0.1011000E+05  0.0000000E+00
  0.1011750E+05  0.0000000E+00
  0.1012500E+05  0.0000000E+00
  0.1013250E+05  0.0000000E+00
  0.1014000E+05  0.0000000E+00
  0.1014750E+05  0.0000000E+00
  0.1015500E+05  0.0000000E+00
  0.1016250E+05  0.0000000E+00
  0.1017000E+05  0.0000000E+00
  0.1017750E+05  0.0000000E+00
  0.1018500E+05  0.0000000E+00
  0.1019250E+05  0.0000000E+00
  0.1020000E+05  0.0000000E+00
  0.1020750E+05  0.0000000E+00
  0.1021500E+05  0.0000000E+00
  0.1022250E+05  0.0000000E+00
  0.1023000E+05  0.0000000E+00
  0.1023750E+05  0.0000000E+00
  0.1024500E+05  0.0000000E+00
  0.1025250E+05  0.0000000E+00
  0.1026000E+05  0.0000000E+00
  0.1026750E+05  0.0000000E+00
  0.1027500E+05  0.0000000E+00
  0.1028250E+05  0.0000000E+00
  0.1029000E+05  0.0000000E+00
  0.1029750E+05  0.0000000E+00
  0.1030500E+05  0.0000000E+00
  0.1031250E+05  0.0000000E+00
  0.1032000E+05  0.0000000E+00
  0.1032750E+05  0.0000000E+00
  0.1033500E+05  0.0000000E+00
  0.1034250E+05  0.0000000E+00
  0.1035000E+05  0.0000000E+00
  0.1035750E+05  0.0000000E+00
  0.1036500E+05  0.0000000E+00
  0.1037250E+05  0.0000000E+00
  0.1038000E+05  0.0000000E+00
  0.1038750E+05  0.0000000E+00
  0.1039500E+05  0.0000000E+00
  0.1040250E+05  0.0000000E+00
  0.1041000E+05  0.0000000E+00
  0.1041750E+05  0.0000000E+00
  0.1042500E+05  0.0000000E+00
  0.1043250E+05  0.0000000E+00
  0.1044000E+05  0.0000000E+00
  0.1044750E+05  0.0000000E+00
  0.1045500E+05  0.0000000E+00
  0.1046250E+05  0.0000000E+00
  0.1047000E+05  0.0000000E+00
  0.1047750E+05  0.0000000E+00
  0.1048500E+05  0.0000000E+00
  0.1049250E+05  0.0000000E+00
  0.1050000E+05  0.0000000E+00
  0.1050750E+05  0.0000000E+00
  0.1051500E+05  0.0000000E+00
  0.1052250E+05  0.0000000E+00
  0.1053000E+05  0.0000000E+00
  0.1053750E+05  0.0000000E+00
  0.1054500E+05  0.0000000E+00
  0.1055250E+05  0.0000000E+00
  0.1056000E+05  0.0000000E+00
  0.1056750E+05  0.0000000E+00
  0.1057500E+05  0.0000000E+00
  0.1058250E+05  0.0000000E+00
  0.1059000E+05  0.0000000E+00
  0.1059750E+05  0.0000000E+00
  0.1060500E+05  0.0000000E+00
  0.1061250E+05  0.0000000E+00
  0.1062000E+05  0.0000000E+00
  0.1062750E+05  0.0000000E+00
  0.1063500E+05  0.0000000E+00
  0.1064250E+05  0.0000000E+00
  0.1065000E+05  0.0000000E+00
  0.1065750E+05  0.0000000E+00
  0.1066500E+05  0.0000000E+00
  0.1067250E+05  0.0000000E+00
  0.1068000E+05  0.0000000E+00
  0.1068750E+05  0.0000000E+00
  0.1069500E+05  0.0000000E+00
  0.1070250E+05  0.0000000E+00
  0.1071000E+05  0.0000000E+00
  0.1071750E+05  0.0000000E+00
  0.1072500E+05  0.0000000E+00
  0.1073250E+05  0.0000000E+00
  0.1074000E+05  0.0000000E+00
  0.1074750E+05  0.0000000E+00
  0.1075500E+05  0.0000000E+00
  0.1076250E+05  0.0000000E+00
  0.1077000E+05  0.0000000E+00
  0.1077750E+05  0.0000000E+00
  0.1078500E+05  0.0000000E+00
  0.1079250E+05  0.0000000E+00
  0.1080000E+05  0.0000000E+00
  0.1080750E+05  0.0000000E+00
  0.1081500E+05  0.0000000E+00
  0.1082250E+05  0.0000000E+00
  0.1083000E+05  0.0000000E+00
  0.1083750E+05  0.0000000E+00
  0.1084500E+05  0.0000000E+00
  0.1085250E+05  0.0000000E+00
  0.1086000E+05  0.0000000E+00
  0.1086750E+05  0.0000000E+00
  0.1087500E+05  0.0000000E+00
  0.1088250E+05  0.0000000E+00
  0.1089000E+05  0.0000000E+00
  0.1089750E+05  0.0000000E+00
  0.1090500E+05  0.0000000E+00
  0.1091250E+05  0.0000000E+00
  0.1092000E+05  0.0000000E+00
  0.1092750E+05  0.0000000E+00
  0.1093500E+05  0.0000000E+00
  0.1094250E+05  0.0000000E+00
  0.1095000E+05  0.0000000E+00
  0.1095750E+05  0.0000000E+00
  0.1096500E+05  0.0000000E+00
  0.1097250E+05  0.0000000E+00
  0.1098000E+05  0.0000000E+00
  0.1098750E+05  0.0000000E+00
  0.1099500E+05  0.0000000E+00
