  0.0000000E+00  0.0000000E+00  0.1500000E+02
  0.7500000E+02  0.0000000E+00  0.1500000E+02
  0.1500000E+03  0.0000000E+00  0.1500000E+02
  0.2250000E+03  0.0000000E+00  0.1500000E+02
  0.3000000E+03  0.0000000E+00  0.1500000E+02
  0.3750000E+03  0.0000000E+00  0.1500000E+02
  0.4500000E+03  0.0000000E+00  0.1500000E+02
  0.5250000E+03  0.0000000E+00  0.1500000E+02
  0.6000000E+03  0.0000000E+00  0.1500000E+02
  0.6750000E+03  0.0000000E+00  0.1500000E+02
  0.7500000E+03  0.0000000E+00  0.1500000E+02
  0.8250000E+03  0.0000000E+00  0.1500000E+02
  0.9000000E+03  0.0000000E+00  0.1500000E+02
  0.9750000E+03  0.0000000E+00  0.1500000E+02
  0.1050000E+04  0.0000000E+00  0.1500000E+02
  0.1125000E+04  0.0000000E+00  0.1500000E+02
  0.1200000E+04  0.0000000E+00  0.1500000E+02
  0.1275000E+04  0.0000000E+00  0.1500000E+02
  0.1350000E+04  0.0000000E+00  0.1500000E+02
  0.1425000E+04  0.0000000E+00  0.1500000E+02
  0.1500000E+04  0.0000000E+00  0.1500000E+02
  0.1575000E+04  0.0000000E+00  0.1500000E+02
  0.1650000E+04  0.0000000E+00  0.1500000E+02
  0.1725000E+04  0.0000000E+00  0.1500000E+02
  0.1800000E+04  0.0000000E+00  0.1500000E+02
  0.1875000E+04  0.0000000E+00  0.1500000E+02
  0.1950000E+04  0.0000000E+00  0.1500000E+02
  0.2025000E+04  0.0000000E+00  0.1500000E+02
  0.2100000E+04  0.0000000E+00  0.1500000E+02
  0.2175000E+04  0.0000000E+00  0.1500000E+02
  0.2250000E+04  0.0000000E+00  0.1500000E+02
  0.2325000E+04  0.0000000E+00  0.1500000E+02
  0.2400000E+04  0.0000000E+00  0.1500000E+02
  0.2475000E+04  0.0000000E+00  0.1500000E+02
  0.2550000E+04  0.0000000E+00  0.1500000E+02
  0.2625000E+04  0.0000000E+00  0.1500000E+02
  0.2700000E+04  0.0000000E+00  0.1500000E+02
  0.2775000E+04  0.0000000E+00  0.1500000E+02
  0.2850000E+04  0.0000000E+00  0.1500000E+02
  0.2925000E+04  0.0000000E+00  0.1500000E+02
  0.3000000E+04  0.0000000E+00  0.1500000E+02
  0.3075000E+04  0.0000000E+00  0.1500000E+02
  0.3150000E+04  0.0000000E+00  0.1500000E+02
  0.3225000E+04  0.0000000E+00  0.1500000E+02
  0.3300000E+04  0.0000000E+00  0.1500000E+02
  0.3375000E+04  0.0000000E+00  0.1500000E+02
  0.3450000E+04  0.0000000E+00  0.1500000E+02
  0.3525000E+04  0.0000000E+00  0.1500000E+02
  0.3600000E+04  0.0000000E+00  0.1500000E+02
  0.3675000E+04  0.0000000E+00  0.1500000E+02
  0.3750000E+04  0.0000000E+00  0.1500000E+02
  0.3825000E+04  0.0000000E+00  0.1500000E+02
  0.3900000E+04  0.0000000E+00  0.1500000E+02
  0.3975000E+04  0.0000000E+00  0.1500000E+02
  0.4050000E+04  0.0000000E+00  0.1500000E+02
  0.4125000E+04  0.0000000E+00  0.1500000E+02
  0.4200000E+04  0.0000000E+00  0.1500000E+02
  0.4275000E+04  0.0000000E+00  0.1500000E+02
  0.4350000E+04  0.0000000E+00  0.1500000E+02
  0.4425000E+04  0.0000000E+00  0.1500000E+02
  0.4500000E+04  0.0000000E+00  0.1500000E+02
  0.4575000E+04  0.0000000E+00  0.1500000E+02
  0.4650000E+04  0.0000000E+00  0.1500000E+02
  0.4725000E+04  0.0000000E+00  0.1500000E+02
  0.4800000E+04  0.0000000E+00  0.1500000E+02
  0.4875000E+04  0.0000000E+00  0.1500000E+02
  0.4950000E+04  0.0000000E+00  0.1500000E+02
  0.5025000E+04  0.0000000E+00  0.1500000E+02
  0.5100000E+04  0.0000000E+00  0.1500000E+02
  0.5175000E+04  0.0000000E+00  0.1500000E+02
  0.5250000E+04  0.0000000E+00  0.1500000E+02
  0.5325000E+04  0.0000000E+00  0.1500000E+02
  0.5400000E+04  0.0000000E+00  0.1500000E+02
  0.5475000E+04  0.0000000E+00  0.1500000E+02
  0.5550000E+04  0.0000000E+00  0.1500000E+02
  0.5625000E+04  0.0000000E+00  0.1500000E+02
  0.5700000E+04  0.0000000E+00  0.1500000E+02
  0.5775000E+04  0.0000000E+00  0.1500000E+02
  0.5850000E+04  0.0000000E+00  0.1500000E+02
  0.5925000E+04  0.0000000E+00  0.1500000E+02
  0.6000000E+04  0.0000000E+00  0.1500000E+02
  0.6075000E+04  0.0000000E+00  0.1500000E+02
  0.6150000E+04  0.0000000E+00  0.1500000E+02
  0.6225000E+04  0.0000000E+00  0.1500000E+02
  0.6300000E+04  0.0000000E+00  0.1500000E+02
  0.6375000E+04  0.0000000E+00  0.1500000E+02
  0.6450000E+04  0.0000000E+00  0.1500000E+02
  0.6525000E+04  0.0000000E+00  0.1500000E+02
  0.6600000E+04  0.0000000E+00  0.1500000E+02
  0.6675000E+04  0.0000000E+00  0.1500000E+02
  0.6750000E+04  0.0000000E+00  0.1500000E+02
  0.6825000E+04  0.0000000E+00  0.1500000E+02
  0.6900000E+04  0.0000000E+00  0.1500000E+02
  0.6975000E+04  0.0000000E+00  0.1500000E+02
  0.7050000E+04  0.0000000E+00  0.1500000E+02
  0.7125000E+04  0.0000000E+00  0.1500000E+02
  0.7200000E+04  0.0000000E+00  0.1500000E+02
  0.7275000E+04  0.0000000E+00  0.1500000E+02
  0.7350000E+04  0.0000000E+00  0.1500000E+02
  0.7425000E+04  0.0000000E+00  0.1500000E+02
  0.7500000E+04  0.0000000E+00  0.1500000E+02
  0.7575000E+04  0.0000000E+00  0.1500000E+02
  0.7650000E+04  0.0000000E+00  0.1500000E+02
  0.7725000E+04  0.0000000E+00  0.1500000E+02
  0.7800000E+04  0.0000000E+00  0.1500000E+02
  0.7875000E+04  0.0000000E+00  0.1500000E+02
  0.7950000E+04  0.0000000E+00  0.1500000E+02
  0.8025000E+04  0.0000000E+00  0.1500000E+02
  0.8100000E+04  0.0000000E+00  0.1500000E+02
  0.8175000E+04  0.0000000E+00  0.1500000E+02
  0.8250000E+04  0.0000000E+00  0.1500000E+02
  0.8325000E+04  0.0000000E+00  0.1500000E+02
  0.8400000E+04  0.0000000E+00  0.1500000E+02
  0.8475000E+04  0.0000000E+00  0.1500000E+02
  0.8550000E+04  0.0000000E+00  0.1500000E+02
  0.8625000E+04  0.0000000E+00  0.1500000E+02
  0.8700000E+04  0.0000000E+00  0.1500000E+02
  0.8775000E+04  0.0000000E+00  0.1500000E+02
  0.8850000E+04  0.0000000E+00  0.1500000E+02
  0.8925000E+04  0.0000000E+00  0.1500000E+02
  0.9000000E+04  0.0000000E+00  0.1500000E+02
  0.9075000E+04  0.0000000E+00  0.1500000E+02
  0.9150000E+04  0.0000000E+00  0.1500000E+02
  0.9225000E+04  0.0000000E+00  0.1500000E+02
  0.9300000E+04  0.0000000E+00  0.1500000E+02
  0.9375000E+04  0.0000000E+00  0.1500000E+02
  0.9450000E+04  0.0000000E+00  0.1500000E+02
  0.9525000E+04  0.0000000E+00  0.1500000E+02
  0.9600000E+04  0.0000000E+00  0.1500000E+02
  0.9675000E+04  0.0000000E+00  0.1500000E+02
  0.9750000E+04  0.0000000E+00  0.1500000E+02
  0.9825000E+04  0.0000000E+00  0.1500000E+02
  0.9900000E+04  0.0000000E+00  0.1500000E+02
  0.9975000E+04  0.0000000E+00  0.1500000E+02
  0.1005000E+05  0.0000000E+00  0.1500000E+02
  0.1012500E+05  0.0000000E+00  0.1500000E+02
  0.1020000E+05  0.0000000E+00  0.1500000E+02
  0.1027500E+05  0.0000000E+00  0.1500000E+02
  0.1035000E+05  0.0000000E+00  0.1500000E+02
  0.1042500E+05  0.0000000E+00  0.1500000E+02
  0.1050000E+05  0.0000000E+00  0.1500000E+02
  0.1057500E+05  0.0000000E+00  0.1500000E+02
  0.1065000E+05  0.0000000E+00  0.1500000E+02
  0.1072500E+05  0.0000000E+00  0.1500000E+02
  0.1080000E+05  0.0000000E+00  0.1500000E+02
  0.1087500E+05  0.0000000E+00  0.1500000E+02
